%YAML:1.0
---
number_of_textlines: 249
TextLines:
   -
      number_of_symbols: 1
      Symbols:
         -
            number_of_chars: 1
            characters: 49
            confidence: 9.8213775634765625e+01
            rects: [ 279, 3143, 12, 36 ]
   -
      number_of_symbols: 1
      Symbols:
         -
            number_of_chars: 1
            characters: 49
            confidence: 9.8213775634765625e+01
            rects: [ 279, 3143, 12, 36 ]
   -
      number_of_symbols: 1
      Symbols:
         -
            number_of_chars: 1
            characters: 124
            confidence: 9.1479660034179688e+01
            rects: [ 296, 3098, 7, 67 ]
   -
      number_of_symbols: 1
      Symbols:
         -
            number_of_chars: 1
            characters: 124
            confidence: 9.1479660034179688e+01
            rects: [ 296, 3098, 7, 67 ]
   -
      number_of_symbols: 1
      Symbols:
         -
            number_of_chars: 1
            characters: 53
            confidence: 9.5074546813964844e+01
            rects: [ 308, 3142, 20, 37 ]
   -
      number_of_symbols: 1
      Symbols:
         -
            number_of_chars: 1
            characters: 53
            confidence: 9.5074546813964844e+01
            rects: [ 308, 3142, 20, 37 ]
   -
      number_of_symbols: 1
      Symbols:
         -
            number_of_chars: 1
            characters: 65
            confidence: 9.8508934020996094e+01
            rects: [ 396, 3145, 26, 37 ]
   -
      number_of_symbols: 1
      Symbols:
         -
            number_of_chars: 1
            characters: 65
            confidence: 9.8508934020996094e+01
            rects: [ 396, 3145, 26, 37 ]
   -
      number_of_symbols: 2
      Symbols:
         -
            number_of_chars: 1
            characters: 51
            confidence: 9.5273971557617188e+01
            rects: [ 410, 1986, 22, 17 ]
         -
            number_of_chars: 1
            characters: 49
            confidence: 9.7959312438964844e+01
            rects: [ 427, 2004, 5, 9 ]
   -
      number_of_symbols: 1
      Symbols:
         -
            number_of_chars: 1
            characters: 49
            confidence: 4.6582031250000000e+01
            rects: [ 429, 3099, 4, 66 ]
   -
      number_of_symbols: 1
      Symbols:
         -
            number_of_chars: 1
            characters: 49
            confidence: 4.6582031250000000e+01
            rects: [ 429, 3099, 4, 66 ]
   -
      number_of_symbols: 1
      Symbols:
         -
            number_of_chars: 1
            characters: 50
            confidence: 9.7477561950683594e+01
            rects: [ 445, 3145, 18, 35 ]
   -
      number_of_symbols: 1
      Symbols:
         -
            number_of_chars: 1
            characters: 50
            confidence: 9.7477561950683594e+01
            rects: [ 445, 3145, 18, 35 ]
   -
      number_of_symbols: 1
      Symbols:
         -
            number_of_chars: 1
            characters: 40
            confidence: 9.6586517333984375e+01
            rects: [ 493, 1714, 6, 22 ]
   -
      number_of_symbols: 1
      Symbols:
         -
            number_of_chars: 1
            characters: 47
            confidence: 8.9751800537109375e+01
            rects: [ 501, 3103, 6, 44 ]
   -
      number_of_symbols: 1
      Symbols:
         -
            number_of_chars: 1
            characters: 105
            confidence: 9.7081756591796875e+01
            rects: [ 601, 1417, 6, 23 ]
   -
      number_of_symbols: 1
      Symbols:
         -
            number_of_chars: 1
            characters: 59
            confidence: 9.0778259277343750e+01
            rects: [ 629, 3104, 8, 43 ]
   -
      number_of_symbols: 1
      Symbols:
         -
            number_of_chars: 1
            characters: 105
            confidence: 9.5890243530273438e+01
            rects: [ 694, 3104, 6, 31 ]
   -
      number_of_symbols: 1
      Symbols:
         -
            number_of_chars: 1
            characters: 41
            confidence: 9.7173149108886719e+01
            rects: [ 732, 1714, 7, 22 ]
   -
      number_of_symbols: 1
      Symbols:
         -
            number_of_chars: 1
            characters: 106
            confidence: 9.2813468933105469e+01
            rects: [ 757, 3104, 7, 41 ]
   -
      number_of_symbols: 1
      Symbols:
         -
            number_of_chars: 1
            characters: 49
            confidence: 9.7378639221191406e+01
            rects: [ 789, 3150, 12, 32 ]
   -
      number_of_symbols: 1
      Symbols:
         -
            number_of_chars: 1
            characters: 41
            confidence: 9.5080947875976562e+01
            rects: [ 802, 1417, 6, 22 ]
   -
      number_of_symbols: 1
      Symbols:
         -
            number_of_chars: 1
            characters: 55
            confidence: 9.6323188781738281e+01
            rects: [ 819, 3149, 19, 34 ]
   -
      number_of_symbols: 1
      Symbols:
         -
            number_of_chars: 1
            characters: 47
            confidence: 9.1908935546875000e+01
            rects: [ 820, 3105, 8, 36 ]
   -
      number_of_symbols: 1
      Symbols:
         -
            number_of_chars: 1
            characters: 108
            confidence: 9.2649650573730469e+01
            rects: [ 884, 3105, 12, 43 ]
   -
      number_of_symbols: 1
      Symbols:
         -
            number_of_chars: 1
            characters: 65
            confidence: 9.9476287841796875e+01
            rects: [ 951, 3151, 24, 34 ]
   -
      number_of_symbols: 1
      Symbols:
         -
            number_of_chars: 1
            characters: 65
            confidence: 9.9476287841796875e+01
            rects: [ 951, 3151, 24, 34 ]
   -
      number_of_symbols: 1
      Symbols:
         -
            number_of_chars: 1
            characters: 124
            confidence: 9.2538398742675781e+01
            rects: [ 950, 3105, 9, 43 ]
   -
      number_of_symbols: 1
      Symbols:
         -
            number_of_chars: 1
            characters: 74
            confidence: 9.5460784912109375e+01
            rects: [ 999, 3151, 19, 33 ]
   -
      number_of_symbols: 1
      Symbols:
         -
            number_of_chars: 1
            characters: 74
            confidence: 9.5460784912109375e+01
            rects: [ 999, 3151, 19, 33 ]
   -
      number_of_symbols: 1
      Symbols:
         -
            number_of_chars: 1
            characters: 49
            confidence: 9.4766021728515625e+01
            rects: [ 1012, 3105, 13, 44 ]
   -
      number_of_symbols: 1
      Symbols:
         -
            number_of_chars: 1
            characters: 41
            confidence: 7.5183517456054688e+01
            rects: [ 1077, 3106, 7, 38 ]
   -
      number_of_symbols: 1
      Symbols:
         -
            number_of_chars: 1
            characters: 124
            confidence: 9.4108398437500000e+01
            rects: [ 1274, 3106, 5, 34 ]
   -
      number_of_symbols: 0
      Symbols:
         []
   -
      number_of_symbols: 0
      Symbols:
         []
   -
      number_of_symbols: 1
      Symbols:
         -
            number_of_chars: 1
            characters: 65
            confidence: 9.7863632202148438e+01
            rects: [ 1371, 3153, 24, 34 ]
   -
      number_of_symbols: 1
      Symbols:
         -
            number_of_chars: 1
            characters: 65
            confidence: 9.7863632202148438e+01
            rects: [ 1371, 3153, 24, 34 ]
   -
      number_of_symbols: 1
      Symbols:
         -
            number_of_chars: 1
            characters: 104
            confidence: 9.3595573425292969e+01
            rects: [ 1419, 3153, 19, 34 ]
   -
      number_of_symbols: 1
      Symbols:
         -
            number_of_chars: 1
            characters: 104
            confidence: 9.3595573425292969e+01
            rects: [ 1419, 3153, 19, 34 ]
   -
      number_of_symbols: 1
      Symbols:
         -
            number_of_chars: 1
            characters: 76
