%YAML:1.0
---
number_of_textlines: 308
TextLines:
   -
      number_of_symbols: 1
      Symbols:
         -
            number_of_chars: 1
            Characters:
               -
                  characters: -30
                  confidence: 9.8982574462890625e+01
                  rects: [ 124, 604, 11, 22 ]
   -
      number_of_symbols: 2
      Symbols:
         -
            number_of_chars: 1
            Characters:
               -
                  characters: 83
                  confidence: 9.2887130737304688e+01
                  rects: [ 125, 545, 14, 14 ]
         -
            number_of_chars: 1
            Characters:
               -
                  characters: 118
                  confidence: 9.4848373413085938e+01
                  rects: [ 125, 561, 10, 8 ]
   -
      number_of_symbols: 0
      Symbols:
         []
   -
      number_of_symbols: 3
      Symbols:
         -
            number_of_chars: 1
            Characters:
               -
                  characters: 61
                  confidence: 9.8353858947753906e+01
                  rects: [ 133, 330, 3, 11 ]
         -
            number_of_chars: 1
            Characters:
               -
                  characters: 46
                  confidence: 9.8414588928222656e+01
                  rects: [ 136, 330, 14, 11 ]
         -
            number_of_chars: 1
            Characters:
               -
                  characters: 109
                  confidence: 9.1971969604492188e+01
                  rects: [ 133, 342, 17, 12 ]
   -
      number_of_symbols: 3
      Symbols:
         -
            number_of_chars: 1
            Characters:
               -
                  characters: 61
                  confidence: 9.8353858947753906e+01
                  rects: [ 133, 330, 3, 11 ]
         -
            number_of_chars: 1
            Characters:
               -
                  characters: 46
                  confidence: 9.8414588928222656e+01
                  rects: [ 136, 330, 14, 11 ]
         -
            number_of_chars: 1
            Characters:
               -
                  characters: 109
                  confidence: 9.1971969604492188e+01
                  rects: [ 133, 342, 17, 12 ]
   -
      number_of_symbols: 0
      Symbols:
         []
   -
      number_of_symbols: 0
      Symbols:
         []
   -
      number_of_symbols: 3
      Symbols:
         -
            number_of_chars: 1
            Characters:
               -
                  characters: -61
                  confidence: 9.0959083557128906e+01
                  rects: [ 189, 151, 49, 75 ]
         -
            number_of_chars: 1
            Characters:
               -
                  characters: 102
                  confidence: 9.3800727844238281e+01
                  rects: [ 195, 189, 9, 2 ]
         -
            number_of_chars: 1
            Characters:
               -
                  characters: 115
                  confidence: 9.5108413696289062e+01
                  rects: [ 213, 151, 25, 55 ]
   -
      number_of_symbols: 1
      Symbols:
         -
            number_of_chars: 1
            Characters:
               -
                  characters: 69
                  confidence: 9.8049911499023438e+01
                  rects: [ 178, 339, 15, 19 ]
   -
      number_of_symbols: 1
      Symbols:
         -
            number_of_chars: 1
            Characters:
               -
                  characters: 69
                  confidence: 9.8049911499023438e+01
                  rects: [ 178, 339, 15, 19 ]
   -
      number_of_symbols: 2
      Symbols:
         -
            number_of_chars: 1
            Characters:
               -
                  characters: 70
                  confidence: 9.3763061523437500e+01
                  rects: [ 181, 493, 11, 10 ]
         -
            number_of_chars: 1
            Characters:
               -
                  characters: -61
                  confidence: 9.4271499633789062e+01
                  rects: [ 181, 509, 11, 9 ]
   -
      number_of_symbols: 2
      Symbols:
         -
            number_of_chars: 1
            Characters:
               -
                  characters: 70
                  confidence: 9.3763061523437500e+01
                  rects: [ 181, 493, 11, 10 ]
         -
            number_of_chars: 1
            Characters:
               -
                  characters: -61
                  confidence: 9.4271499633789062e+01
                  rects: [ 181, 509, 11, 9 ]
   -
      number_of_symbols: 0
      Symbols:
         []
   -
      number_of_symbols: 3
      Symbols:
         -
            number_of_chars: 1
            Characters:
               -
                  characters: 62
                  confidence: 9.3407386779785156e+01
                  rects: [ 191, 549, 13, 16 ]
         -
            number_of_chars: 1
            Characters:
               -
                  characters: 61
                  confidence: 9.6009727478027344e+01
                  rects: [ 182, 567, 12, 14 ]
         -
            number_of_chars: 1
            Characters:
               -
                  characters: 46
                  confidence: 9.5616325378417969e+01
                  rects: [ 194, 567, 10, 14 ]
   -
      number_of_symbols: 3
      Symbols:
         -
            number_of_chars: 1
            Characters:
               -
                  characters: 62
                  confidence: 9.3407386779785156e+01
                  rects: [ 191, 549, 13, 16 ]
         -
            number_of_chars: 1
            Characters:
               -
                  characters: 61
                  confidence: 9.6009727478027344e+01
                  rects: [ 182, 567, 12, 14 ]
         -
            number_of_chars: 1
            Characters:
               -
                  characters: 46
                  confidence: 9.5616325378417969e+01
                  rects: [ 194, 567, 10, 14 ]
   -
      number_of_symbols: 0
      Symbols:
         []
   -
      number_of_symbols: 0
      Symbols:
         []
   -
      number_of_symbols: 0
      Symbols:
         []
   -
      number_of_symbols: 0
      Symbols:
         []
   -
      number_of_symbols: 2
      Symbols:
         -
            number_of_chars: 1
            Characters:
               -
                  characters: -30
                  confidence: 9.9193901062011719e+01
                  rects: [ 207, 344, 12, 23 ]
         -
            number_of_chars: 1
            Characters:
               -
                  characters: 50
                  confidence: 9.2699737548828125e+01
                  rects: [ 219, 344, 9, 23 ]
   -
      number_of_symbols: 0
      Symbols:
         []
   -
      number_of_symbols: 1
      Symbols:
         -
            number_of_chars: 1
            Characters:
               -
                  characters: 107
                  confidence: 9.6636947631835938e+01
                  rects: [ 216, 656, 15, 23 ]
   -
      number_of_symbols: 0
      Symbols:
         []
   -
      number_of_symbols: 0
      Symbols:
         []
   -
      number_of_symbols: 0
      Symbols:
         []
   -
      number_of_symbols: 1
      Symbols:
         -
            number_of_chars: 1
            Characters:
               -
                  characters: 50
                  confidence: 9.0373954772949219e+01
                  rects: [ 224, 145, 17, 19 ]
   -
      number_of_symbols: 0
      Symbols:
         []
   -
      number_of_symbols: 0
      Symbols:
         []
   -
      number_of_symbols: 1
      Symbols:
         -
            number_of_chars: 1
            Characters:
               -
                  characters: -30
                  confidence: 9.9144180297851562e+01
                  rects: [ 251, 661, 15, 15 ]
   -
      number_of_symbols: 0
      Symbols:
         []
   -
      number_of_symbols: 0
      Symbols:
         []
   -
      number_of_symbols: 0
      Symbols:
         []
