%YAML:1.0
---
number_of_textlines: 308
TextLines:
   -
      number_of_symbols: 1
      Symbols:
         -
            number_of_chars: 1
            Characters:
               -
                  characters: 49
                  confidence: 9.6757888793945312e+01
                  rects: [ 124, 604, 11, 21 ]
   -
      number_of_symbols: 1
      Symbols:
         -
            number_of_chars: 1
            Characters:
               -
                  characters: 49
                  confidence: 9.0579322814941406e+01
                  rects: [ 126, 540, 12, 29 ]
   -
      number_of_symbols: 1
      Symbols:
         -
            number_of_chars: 1
            Characters:
               -
                  characters: 49
                  confidence: 9.4800193786621094e+01
                  rects: [ 126, 486, 12, 31 ]
   -
      number_of_symbols: 1
      Symbols:
         -
            number_of_chars: 1
            Characters:
               -
                  characters: 97
                  confidence: 9.3084465026855469e+01
                  rects: [ 133, 328, 17, 26 ]
   -
      number_of_symbols: 1
      Symbols:
         -
            number_of_chars: 1
            Characters:
               -
                  characters: 97
                  confidence: 9.3084465026855469e+01
                  rects: [ 133, 328, 17, 26 ]
   -
      number_of_symbols: 1
      Symbols:
         -
            number_of_chars: 1
            Characters:
               -
                  characters: 83
                  confidence: 9.7303405761718750e+01
                  rects: [ 164, 496, 14, 21 ]
   -
      number_of_symbols: 1
      Symbols:
         -
            number_of_chars: 1
            Characters:
               -
                  characters: 83
                  confidence: 9.7303405761718750e+01
                  rects: [ 164, 496, 14, 21 ]
   -
      number_of_symbols: 2
      Symbols:
         -
            number_of_chars: 1
            Characters:
               -
                  characters: 71
                  confidence: 9.2946716308593750e+01
                  rects: [ 173, 151, 26, 75 ]
         -
            number_of_chars: 1
            Characters:
               -
                  characters: 61
                  confidence: 9.5418914794921875e+01
                  rects: [ 199, 151, 39, 75 ]
   -
      number_of_symbols: 1
      Symbols:
         -
            number_of_chars: 1
            Characters:
               -
                  characters: 83
                  confidence: 9.6524932861328125e+01
                  rects: [ 178, 335, 14, 22 ]
   -
      number_of_symbols: 1
      Symbols:
         -
            number_of_chars: 1
            Characters:
               -
                  characters: 83
                  confidence: 9.6524932861328125e+01
                  rects: [ 178, 335, 14, 22 ]
   -
      number_of_symbols: 1
      Symbols:
         -
            number_of_chars: 1
            Characters:
               -
                  characters: 91
                  confidence: 9.6476806640625000e+01
                  rects: [ 181, 491, 11, 26 ]
   -
      number_of_symbols: 1
      Symbols:
         -
            number_of_chars: 1
            Characters:
               -
                  characters: 91
                  confidence: 9.6476806640625000e+01
                  rects: [ 181, 491, 11, 26 ]
   -
      number_of_symbols: 1
      Symbols:
         -
            number_of_chars: 1
            Characters:
               -
                  characters: 49
                  confidence: 9.5329704284667969e+01
                  rects: [ 182, 433, 8, 30 ]
   -
      number_of_symbols: 1
      Symbols:
         -
            number_of_chars: 1
            Characters:
               -
                  characters: 50
                  confidence: 9.8007164001464844e+01
                  rects: [ 183, 549, 20, 31 ]
   -
      number_of_symbols: 1
      Symbols:
         -
            number_of_chars: 1
            Characters:
               -
                  characters: 50
                  confidence: 9.8007164001464844e+01
                  rects: [ 183, 549, 20, 31 ]
   -
      number_of_symbols: 1
      Symbols:
         -
            number_of_chars: 1
            Characters:
               -
                  characters: 105
                  confidence: 9.4145683288574219e+01
                  rects: [ 184, 653, 10, 26 ]
   -
      number_of_symbols: 1
      Symbols:
         -
            number_of_chars: 1
            Characters:
               -
                  characters: 105
                  confidence: 9.5056022644042969e+01
                  rects: [ 186, 603, 9, 22 ]
   -
      number_of_symbols: 1
      Symbols:
         -
            number_of_chars: 1
            Characters:
               -
                  characters: 102
                  confidence: 9.9539245605468750e+01
                  rects: [ 193, 432, 17, 30 ]
   -
      number_of_symbols: 1
      Symbols:
         -
            number_of_chars: 1
            Characters:
               -
                  characters: 49
                  confidence: 9.6317131042480469e+01
                  rects: [ 196, 336, 8, 21 ]
   -
      number_of_symbols: 1
      Symbols:
         -
            number_of_chars: 1
            Characters:
               -
                  characters: 38
                  confidence: 9.4395637512207031e+01
                  rects: [ 207, 335, 21, 31 ]
   -
      number_of_symbols: 1
      Symbols:
         -
            number_of_chars: 1
            Characters:
               -
                  characters: 49
                  confidence: 9.4504623413085938e+01
                  rects: [ 214, 485, 9, 30 ]
   -
      number_of_symbols: 2
      Symbols:
         -
            number_of_chars: 1
            Characters:
               -
                  characters: 84
                  confidence: 9.2925498962402344e+01
                  rects: [ 216, 657, 6, 22 ]
         -
            number_of_chars: 1
            Characters:
               -
                  characters: 39
                  confidence: 9.5469673156738281e+01
                  rects: [ 222, 657, 8, 22 ]
   -
      number_of_symbols: 1
      Symbols:
         -
            number_of_chars: 1
            Characters:
               -
                  characters: 84
                  confidence: 9.8368026733398438e+01
                  rects: [ 220, 282, 13, 21 ]
   -
      number_of_symbols: 1
      Symbols:
         -
            number_of_chars: 1
            Characters:
               -
                  characters: 84
                  confidence: 9.7012992858886719e+01
                  rects: [ 220, 282, 13, 21 ]
   -
      number_of_symbols: 1
      Symbols:
         -
            number_of_chars: 1
            Characters:
               -
                  characters: 91
                  confidence: 9.6837165832519531e+01
                  rects: [ 221, 599, 10, 25 ]
   -
      number_of_symbols: 1
      Symbols:
         -
            number_of_chars: 1
            Characters:
               -
                  characters: 35
                  confidence: 9.3463523864746094e+01
                  rects: [ 224, 145, 17, 24 ]
   -
      number_of_symbols: 1
      Symbols:
         -
            number_of_chars: 1
            Characters:
               -
                  characters: 105
                  confidence: 9.3979255676269531e+01
                  rects: [ 226, 545, 9, 26 ]
   -
      number_of_symbols: 1
      Symbols:
         -
            number_of_chars: 1
            Characters:
               -
                  characters: 105
                  confidence: 9.6264854431152344e+01
                  rects: [ 227, 486, 7, 31 ]
   -
      number_of_symbols: 1
      Symbols:
         -
            number_of_chars: 1
            Characters:
               -
                  characters: 52
