%YAML:1.0
---
samples: !!opencv-matrix
   rows: 1
   cols: 300
   dt: f
   data: [ 255., 255., 255., 255., 255., 255., 255., 255., 255., 255.,
       255., 255., 25., 25., 25., 0., 0., 0., 0., 0., 0., 0., 0., 0., 0.,
       0., 0., 161., 161., 161., 255., 255., 255., 186., 186., 186., 13.,
       13., 13., 0., 0., 0., 0., 0., 0., 0., 0., 0., 0., 0., 0., 0., 0.,
       0., 0., 0., 0., 0., 0., 0., 115., 115., 115., 0., 0., 0., 0., 0.,
       0., 0., 0., 0., 115., 115., 115., 0., 0., 0., 0., 0., 0., 0., 0.,
       0., 0., 0., 0., 0., 0., 0., 255., 255., 255., 255., 255., 255.,
       255., 255., 255., 255., 255., 255., 255., 255., 255., 0., 0., 0.,
       0., 0., 0., 0., 0., 0., 0., 0., 0., 0., 0., 0., 255., 255., 255.,
       255., 255., 255., 255., 255., 255., 255., 255., 255., 255., 255.,
       255., 0., 0., 0., 0., 0., 0., 0., 0., 0., 0., 0., 0., 229., 229.,
       229., 255., 255., 255., 255., 255., 255., 255., 255., 255., 255.,
       255., 255., 255., 255., 255., 0., 0., 0., 0., 0., 0., 0., 0., 0.,
       0., 0., 0., 229., 229., 229., 255., 255., 255., 255., 255., 255.,
       255., 255., 255., 255., 255., 255., 255., 255., 255., 0., 0., 0.,
       0., 0., 0., 0., 0., 0., 0., 0., 0., 229., 229., 229., 255., 255.,
       255., 255., 255., 255., 255., 255., 255., 255., 255., 255., 255.,
       255., 255., 0., 0., 0., 0., 0., 0., 0., 0., 0., 0., 0., 0., 229.,
       229., 229., 255., 255., 255., 255., 255., 255., 255., 255., 255.,
       255., 255., 255., 255., 255., 255., 0., 0., 0., 0., 0., 0., 0.,
       0., 0., 0., 0., 0., 229., 229., 229., 255., 255., 255., 255.,
       255., 255., 255., 255., 255., 255., 255., 255., 255., 255., 255.,
       0., 0., 0., 0., 0., 0., 0., 0., 0., 0., 0., 0., 229., 229., 229. ]
responses: !!opencv-matrix
   rows: 1
   cols: 1
   dt: f
   data: [ 1. ]
